[0;5;37;47m     .    . .        .     .                    .     .     [0m
[0;5;37;47m  . .:X[0;5;37;43m8[0;1;37;47m8[0;5;37;47mSX; . . . . :[0;1;33;47mX[0;5;37;47m:. .[0;1;37;47m8[0;5;37;43m@[0;5;37;47mt . . .:[0;1;33;47mX[0;5;37;43m@[0;5;37;47m: .  . ..t[0;1;37;47m8[0;5;37;43mX[0;5;37;47m8[0;5;37;43m8[0;5;37;47mX%.. . [0m
[0;5;37;47m   X[0;5;33;43m   [0;1;33;47m%[0;5;37;43m8[0;1;37;47m@[0;5;33;43m [0;5;1;31;43m@[0;5;33;43m [0;1;37;47m%[0;5;37;47m.  ;@[0;1;37;47m8[0;5;37;43m8[0;5;33;43m  [0;1;37;47m.[0;5;37;47m t[0;5;37;43m8@[0;5;1;33;47m8[0;5;37;47m88t %[0;5;37;43m8[0;5;37;47m;.[0;5;37;43m@[0;5;37;47m8.;[0;5;37;43m8[0;1;33;47mS[0;5;37;47m  :[0;5;37;43m8[0;5;33;43m [0;5;1;31;43m8[0;5;33;43m [0;5;37;43m88[0;5;1;33;47m8[0;5;1;31;43mX[0;5;33;43m  [0;1;33;47m8[0;5;37;47m@ .[0m
[0;5;37;47m. [0;1;37;47m8[0;5;33;43m [0;1;35;47m@[0;1;37;47m%[0;5;37;47m:S%%%8[0;1;37;47m;[0;1;33;47m8[0;5;37;43m@[0;5;37;47m:.[0;1;37;47mX[0;1;30;47m [0;5;33;43m [0;5;1;31;43m888[0;5;37;43m8[0;5;37;47m:[0;5;33;43m [0;5;1;31;43m8[0;5;37;47m8t[0;5;33;43m [0;1;37;47m;t[0;5;37;47m:[0;5;33;43m [0;5;1;31;43m8[0;5;37;47mS .::[0;5;37;43m8[0;5;1;31;43mS[0;5;37;43m%[0;5;37;47mS [0;5;37;43mX@[0;1;37;47m [0;5;37;43m8[0;5;37;47m:.%X.[0;1;37;47m. [0;1;33;47m%[0;5;1;31;43mX[0;5;37;47m: [0m
[0;5;37;47m .[0;5;33;43m [0;33;47m8[0;5;37;47m8[0;1;37;47mX[0;5;1;31;43m@S[0;5;37;43mS[0;5;1;31;43m@X[0;5;37;43m8[0;5;37;47mX[0;5;1;31;43m@X[0;5;37;47mX [0;5;33;43m [0;5;1;31;43m8[0;1;33;47m%[0;5;37;47m.[0;5;37;43mS8[0;5;1;31;43m@X@[0;5;37;43m8[0;5;37;47m8X[0;5;1;31;43m8[0;5;33;43m [0;1;37;47m;[0;5;37;47mS[0;5;1;31;43m@[0;5;33;43m [0;5;37;47m8t[0;5;33;43m [0;5;1;31;43m@SS[0;5;37;47mS; X[0;5;1;31;43m@8[0;1;37;47mt[0;5;37;43m@[0;5;1;31;43m8@XSX[0;5;37;43m8[0;5;37;47m8[0;5;1;31;43m8X[0;5;37;43m8[0;5;37;47m [0m
[0;5;37;47m @[0;5;1;31;43m8[0;5;37;43mS[0;5;37;47m%[0;5;1;33;47m8[0;5;1;31;43m@XX[0;1;37;47mt[0;5;1;31;43mX[0;5;37;43m8[0;5;37;47m 8[0;1;37;47m 8[0;5;37;47m;[0;5;37;43m8[0;1;33;47m8[0;5;1;31;43m@[0;1;37;47m;[0;5;37;43m@[0;1;33;47m8[0;5;37;47mSt[0;5;37;43mX[0;5;1;31;43m8[0;5;1;33;47m8[0;5;37;47mt[0;5;1;31;43mX[0;5;37;43m@[0;5;37;47m8 ;8[0;5;1;31;43mSX[0;5;37;47mX[0;5;1;33;47m8[0;5;1;31;43mX[0;5;37;43m@[0;5;37;47mt  [0;5;37;43m8[0;5;1;31;43mXS[0;5;37;47m%[0;5;37;43m@[0;5;1;31;43m@S[0;5;37;43mX[0;1;37;47m [0;5;1;31;43mXX[0;5;37;47mS[0;5;33;43m [0;5;1;31;43m8[0;5;37;43m%[0;5;37;47m:[0m
[0;5;37;47m :[0;5;33;43m [0;5;1;31;43m8[0;5;37;47m 8[0;5;1;31;43mX[0;1;37;47m.[0;5;33;43m [0;5;37;43m8[0;5;1;31;43m8[0;5;37;43m8[0;5;37;47m [0;5;1;31;43mXX[0;5;1;37;43m8[0;5;37;47m.;:[0;5;37;43m8@[0;1;35;47mS[0;5;37;47mS[0;5;1;33;47m8[0;5;1;31;43m8[0;1;33;47mX[0;5;1;31;43m8[0;5;37;47m@.;.: [0;5;37;43m@[0;5;1;31;43mX[0;5;37;47m% ::... .[0;5;1;33;47m8[0;5;1;31;43mX[0;5;37;43mS[0;5;37;47m8[0;5;37;43mX[0;5;1;31;43m8X@[0;5;37;43m%[0;5;1;31;43m8[0;5;37;43m%[0;5;37;47m8[0;5;1;31;43m8X[0;5;37;43mX[0;5;37;47m [0m
[0;5;37;47m %[0;1;37;47m:[0;1;33;47m@[0;5;37;43mX[0;5;37;47m8[0;5;37;43m8[0;5;1;33;47m8[0;1;37;47m [0;5;1;37;43m8[0;5;37;47m8[0;5;1;37;43m8[0;5;37;43m8[0;5;1;31;43m@[0;5;37;43mX[0;5;37;47m%.X[0;5;1;37;43m8[0;5;37;43m8[0;5;1;33;41m8[0;5;1;33;47m8[0;5;37;47m:8[0;5;37;43m8[0;5;37;47m8[0;5;1;33;47m8[0;5;37;47mt X[0;5;37;43m8[0;5;37;47mt%[0;5;1;31;43mXSt[0;5;1;37;43m8[0;5;37;47mX ..[0;5;1;37;43m8[0;5;37;43m8[0;5;37;47mt;[0;5;37;43m8[0;5;1;31;43m8X[0;5;1;37;43m8[0;5;37;47m8[0;5;1;37;43m8[0;5;37;47m8[0;5;37;43m8[0;5;37;47m8[0;5;1;31;43mXSSX[0;5;37;47m8;[0m
[0;5;37;47m  .8[0;5;1;31;43mX[0;5;37;43m8[0;5;1;31;43m@[0;5;37;43m88[0;5;1;31;43m8X8[0;1;37;47m [0;5;37;47m8X:.[0;5;37;43m@[0;5;1;31;43m8[0;1;37;47m [0;5;37;47m8[0;5;1;37;43m8[0;5;37;43m8[0;5;37;47m8;[0;5;1;33;47m8[0;5;37;43m8[0;5;37;47mX:[0;5;1;31;43mSX[0;5;1;33;47mX[0;5;37;47mS[0;5;1;31;43mS[0;1;33;47mX[0;5;37;43m8[0;5;37;47m8[0;5;37;43m8[0;5;1;37;43m@[0;5;37;47mX[0;5;1;33;47m8[0;5;1;31;43m8X[0;5;37;47mt. @[0;5;37;43mS[0;5;1;31;43m8X[0;5;37;43m88[0;5;1;31;43m@SX[0;5;37;43m88[0;5;37;47mX  [0m
[0;5;37;47m  :.t[0;1;37;47m.[0;5;37;47m8[0;5;1;31;43m@S[0;5;1;37;43m8[0;1;37;47m.[0;5;37;47m8;:...[0;5;1;37;43m8[0;5;37;43m8[0;5;37;47m;8[0;5;1;31;43mXX[0;5;37;47m%[0;5;1;33;47m@[0;5;1;31;43m@X[0;5;1;33;47m8[0;5;37;47mt[0;5;1;31;43m%[0;5;1;37;43m8[0;5;37;47m:[0;5;1;37;43m8[0;1;33;47m@X[0;5;37;47m8@[0;5;1;31;43mXS[0;5;37;47mS[0;5;1;33;47m8[0;5;1;31;43mX[0;5;37;47mX .:;.t8[0;1;37;47m [0;5;1;31;43m@[0;5;37;43m88[0;5;1;33;47m8[0;5;37;47m; ...[0m
[0;5;37;47m  ..;S[0;5;1;33;47m@[0;5;37;47m;  8t .t.;; [0;5;1;37;43m@[0;5;1;31;43m8[0;5;37;47m@ [0;5;37;43mS[0;5;1;31;43m@S[0;5;37;43m8[0;5;37;47m8tS8[0;5;1;31;43mX@@[0;5;37;43m@[0;5;37;47m8 .X[0;5;1;31;43mXX[0;5;1;33;47m@[0;5;37;47mXt: .;;;ttX888t.  [0m
[0;5;37;47m   ;[0;5;33;43m [0;5;1;31;43m8S[0;5;37;47m@;:;. [0;5;1;37;43mX[0;5;1;31;43m@[0;5;1;37;43m8[0;5;37;47mX%.[0;5;37;43m8[0;5;1;31;43mX[0;5;37;47mt:[0;5;1;31;43mS[0;5;37;43m8[0;5;37;47m8[0;5;1;33;47mS[0;5;1;31;43mSSSSS[0;5;37;43m8[0;5;37;47mt.:;[0;5;1;31;43m%SSSXS[0;5;37;43mS[0;5;1;31;43m@[0;5;37;47mS[0;5;37;43m8[0;5;1;31;43mSS[0;5;37;47m:[0;5;1;37;43m8[0;5;1;31;43mXSX[0;1;37;47m:[0;5;1;31;43mSS[0;5;37;47m%. [0m
[0;5;37;47m  :Xt ;%[0;5;1;33;47mX[0;5;37;47m@[0;5;1;33;47mX[0;5;37;47mX[0;5;1;33;47mX[0;5;37;47m8X[0;5;1;37;43mX[0;5;1;31;43m8[0;5;1;37;43mX[0;5;37;47m8S  ;:;[0;5;1;31;43m%X[0;5;37;47mt:[0;5;1;31;43mS[0;5;37;43m8[0;5;37;47m888%..:[0;5;1;37;43m@[0;5;1;31;43m@S[0;5;37;47m;[0;5;1;33;47m8[0;5;1;31;43m8[0;5;33;43m [0;1;33;47m8[0;5;1;31;43m@S[0;5;1;37;43m@[0;5;37;47m8@%[0;5;1;31;43mSSS[0;1;37;47m;[0;5;1;31;43mSS%[0;5;37;47m:[0m
[0;5;37;47m :[0;5;33;43m [0;5;1;31;43m@[0;5;37;47m ;[0;5;1;31;43mSX[0;1;37;47m;[0;5;1;31;43mXXX@XX@X@X[0;5;1;33;47m8[0;5;37;47m.[0;5;1;37;43mX[0;5;1;31;43m8[0;5;1;33;47m8[0;5;37;47m   t[0;5;1;37;43mX[0;5;1;31;43m88@@XX[0;5;1;33;47mS[0;5;37;47mt[0;5;1;31;43mXX[0;1;33;47mX[0;1;37;47m [0;5;37;47mS[0;5;37;43m8[0;5;1;31;43m88[0;5;37;47m;  8[0;5;1;31;43mXXSSS[0;5;37;43m8[0;5;1;31;43m8SX[0;5;37;43mX[0;5;37;47m.[0m
[0;5;37;47m @[0;5;1;31;43m@[0;5;33;43m [0;5;37;43m88[0;5;1;33;47m8[0;5;37;47m8[0;1;37;47mt[0;5;37;43mS[0;5;1;31;43mX[0;5;37;43mS[0;5;37;47m8[0;5;1;33;47m8[0;5;37;47m8[0;5;1;37;43m8[0;5;1;33;47m88[0;5;37;47m8[0;5;1;33;47m@[0;5;1;31;43mXXX[0;5;1;33;47m8[0;5;37;47m 8[0;5;1;31;43mSX@S%S%SSS[0;5;1;33;47m88[0;5;37;43m8[0;5;1;31;43m@X[0;5;37;43m88[0;5;37;47m8@[0;5;37;43m@8[0;5;37;47mt[0;5;37;43m%[0;5;1;31;43m@%[0;5;1;37;43m8[0;5;37;47m8[0;5;1;37;43m8[0;5;1;31;43m8S[0;5;37;43mt[0;5;37;47m8X.[0m
[0;5;37;47m X[0;5;37;43mX8[0;5;37;47m88[0;5;37;43m8[0;5;1;31;43mX[0;5;37;43mX[0;5;1;31;43m@X[0;5;1;37;43mX[0;5;37;47mt8[0;5;1;31;43mS[0;5;37;43m8[0;5;1;31;43m8[0;5;37;47m8t[0;5;1;31;43mSX[0;5;1;33;47m8[0;5;37;47m8t[0;5;1;37;43m8[0;5;1;31;43m8S%[0;5;37;43mS[0;5;1;31;43mX[0;5;37;43mS[0;5;1;31;43mXS%SS@@[0;5;37;47m.8[0;5;1;37;43m8[0;5;37;47m8[0;5;1;33;47m8[0;5;1;31;43mSSXXSX[0;5;37;43m8[0;5;1;31;43m8SS[0;5;37;43m88[0;5;37;47m8[0;5;1;31;43mSS[0;5;1;37;43m8[0;5;37;47m.[0m
[0;5;37;47m [0;1;37;47m8[0;1;31;43m8[0;5;37;43m8[0;5;37;47m:8[0;5;1;31;43m@S[0;5;37;43m8[0;5;1;31;43mS@[0;5;1;37;43m@[0;5;37;47m:[0;5;1;33;47m8[0;5;1;31;43mXXS%[0;5;1;37;43m88[0;5;37;47m8[0;5;1;37;43m8[0;5;37;43m8[0;5;37;47m8[0;5;1;31;43m8S[0;5;37;43mX[0;5;1;31;43m@XSX[0;5;37;43m@[0;5;1;31;43mX[0;5;37;43mS[0;5;1;31;43mX[0;5;37;43mX[0;5;1;31;43mXX[0;5;37;43mX88[0;5;1;31;43mX[0;5;1;33;47m8[0;5;37;43m8[0;5;1;31;43mX[0;5;37;43m8X8[0;5;1;31;43m@XS[0;5;37;43m8@[0;5;1;31;43m@[0;5;37;47mX:S[0;5;1;31;43m%[0;5;1;33;47m8[0;5;37;47m:[0m
[0;5;37;47m ;[0;5;33;43m [0;5;1;31;43m8[0;5;37;47m8[0;5;1;37;43mS[0;5;1;31;43mX[0;5;37;47m@.[0;5;1;33;47m@[0;5;1;31;43m@[0;5;37;47m88[0;5;1;33;47m@[0;5;37;47m8[0;5;37;43m@[0;5;1;31;43mXX[0;5;37;43m8[0;5;37;47m88[0;5;1;37;43mX[0;5;1;31;43m8SX[0;5;37;43mX[0;5;1;31;43m8[0;5;37;43m8[0;5;1;31;43mX[0;5;37;43m8[0;5;1;31;43mX[0;5;37;43mX[0;5;1;31;43m@[0;5;37;43m@[0;5;1;31;43m@[0;5;37;43m@[0;5;1;31;43m@[0;5;37;43mX[0;5;1;33;41m8[0;5;1;31;43mXXX8[0;5;37;47m%:[0;5;1;33;47m@[0;5;37;47m8 [0;5;37;43m8[0;5;1;31;43mX[0;5;37;43mS[0;5;37;47m8[0;5;1;33;47m8[0;5;37;47m8[0;5;1;33;47m8@[0;5;37;47mX . [0m
[0;5;37;47m @[0;5;33;43m [0;5;37;43m8[0;5;1;31;43m8[0;5;37;47m8%[0;5;1;33;47mX[0;5;37;47m.  [0;5;1;33;47m@[0;5;1;31;43m@XSX[0;5;37;43m8[0;5;1;37;43m8[0;5;37;47m t   S[0;5;1;31;43m@XSS[0;5;37;43mX[0;5;1;31;43m@XX[0;5;37;43mX[0;5;1;31;43m8SX[0;5;37;43m@[0;5;1;31;43m8S[0;5;37;43m8[0;5;1;31;43mX[0;5;37;43mX[0;5;1;37;43m@[0;5;37;47m.8[0;5;1;31;43m@S[0;5;37;47m8[0;5;37;43m88[0;5;1;33;41m8[0;5;1;31;43mX@X@S[0;5;37;43m8[0;5;37;47m8%:[0m
[0;5;37;47m 8[0;5;1;33;41m8[0;5;37;43m8[0;5;37;47m X[0;5;1;31;43mX[0;5;37;43m@[0;5;37;47m       8[0;5;1;33;41m8[0;5;37;43m8[0;5;37;47m      [0;5;1;37;43m@[0;5;1;31;43m8[0;5;37;43mX[0;5;1;31;43mXX[0;5;37;43mX[0;5;1;31;43mXSX[0;5;37;43mX[0;5;1;31;43mX[0;5;37;43mX[0;5;1;31;43m8XS[0;5;37;47mS . ;; [0;5;1;33;47m8[0;5;1;31;43m8@@[0;5;37;43mS[0;5;37;47m [0;5;37;43m@[0;5;1;31;43m@[0;5;37;43m8[0;5;37;47m:[0;5;1;31;43mSXS[0;5;37;47m.[0m
[0;5;37;47m :Xt.[0;5;1;33;47m8[0;5;1;31;43m@XSX[0;5;37;43m8[0;5;37;47m8%S[0;5;1;31;43mSSX[0;5;1;33;47m8[0;5;37;47m.. . [0;5;1;33;47m8[0;5;1;31;43m8X@SSS[0;5;37;43m@[0;5;1;31;43mX[0;5;37;43mX[0;5;1;31;43m@S@SSX[0;5;37;47mt%[0;5;1;31;43mSXSSSXSS[0;5;37;47m@[0;5;1;37;43m8[0;5;1;31;43m8XXX[0;5;37;43mX[0;5;1;37;43m8[0;5;37;47m8[0;5;1;33;47m@[0;5;37;47m [0m
[0;5;37;47m :[0;5;33;43m [0;5;1;31;43m@S[0;5;37;43m8[0;5;1;33;47m@[0;5;1;37;43m@[0;5;1;31;43m8S8[0;5;37;43m8[0;5;37;47m:t[0;5;1;33;47m8[0;5;37;43m8[0;5;1;31;43m8[0;5;37;43m8[0;5;37;47m   [0;5;37;43m8[0;5;1;31;43m8[0;5;1;33;47m8[0;5;37;47m8[0;5;1;31;43mSS[0;5;1;33;47m8[0;5;37;43m8[0;5;1;31;43m8XX@[0;5;37;43mX[0;5;1;31;43m8[0;5;1;33;47m8[0;5;1;37;43m8[0;5;1;31;43m8SSSSS[0;5;37;47mX[0;5;1;37;43mX[0;5;1;31;43m@S[0;5;37;47mX:;%S[0;5;1;31;43m%[0;5;37;43mX[0;5;1;31;43m8[0;5;37;47m88t; [0m
[0;5;37;47m X[0;5;1;31;43mX[0;5;33;43m [0;5;1;31;43m8X@[0;5;37;43m88[0;5;1;31;43mSX[0;1;33;47mS[0;5;37;47m;t[0;5;37;43m8[0;5;1;31;43m8X[0;5;37;47m8S: 8[0;5;1;31;43mS[0;5;1;33;47m8[0;5;1;31;43mX[0;5;1;37;43m8[0;5;37;47m88[0;5;1;31;43mX[0;5;37;43mX8[0;5;1;31;43m@[0;5;37;43m8[0;5;1;31;43m8@[0;5;37;47m88[0;5;1;31;43mX%[0;5;37;43mS8[0;5;1;37;43m@[0;5;37;43m8[0;5;1;31;43m@[0;5;1;33;47m8[0;5;37;43m8[0;5;37;47m8[0;5;1;31;43mtS%%SX@SSS%[0;5;37;47mt.[0m
[0;5;37;47m %[0;5;33;43m [0;5;1;31;43m8XS[0;5;37;43m8[0;5;37;47m88[0;5;37;43m@[0;5;1;31;43m@X[0;5;37;47m8[0;5;1;37;43mS[0;5;1;31;43m@[0;5;37;43m8@[0;5;1;37;43m8[0;5;1;33;47m8[0;5;37;47m8;. [0;5;1;31;43mXX[0;5;37;43m8[0;5;1;37;43m8[0;5;1;31;43m8X8[0;5;37;43m8[0;5;1;31;43m8[0;5;37;43m8[0;5;1;31;43m@S[0;5;37;47mS;[0;5;1;31;43m%[0;5;37;43m8[0;5;37;47m8[0;5;1;37;43m8[0;5;37;47m8[0;5;37;43m8[0;5;1;31;43mX[0;5;37;43m8[0;5;1;33;47m88[0;5;1;31;43m@[0;5;37;43m8X[0;5;1;31;43m@S[0;5;33;43m [0;5;37;43mX[0;5;1;31;43m@SSS%[0;5;37;47m.[0m
[0;5;37;47m t8[0;5;37;43m8[0;5;1;31;43mX[0;5;37;43m@[0;5;1;33;47m8[0;5;37;43m8[0;5;1;31;43m@SS[0;5;37;43m8[0;5;1;31;43m8[0;5;37;43m8[0;5;1;33;47m8[0;5;37;47m8.[0;5;1;37;43m8[0;5;1;33;41m8[0;5;37;47m% . [0;5;1;37;43m8[0;5;1;31;43m@[0;5;37;43m8[0;5;1;31;43m8[0;5;37;43mX[0;5;1;31;43mX[0;5;37;43mS[0;5;1;31;43m8[0;5;37;43m8[0;1;37;47m:[0;5;1;31;43mSS[0;5;37;43mS[0;5;1;33;47m8[0;5;37;47m 8[0;5;1;31;43m@8@X[0;5;1;33;47m8[0;5;1;31;43m88@[0;5;1;33;47m88[0;1;33;47mS[0;5;1;33;47m8[0;5;1;31;43m@[0;1;37;47m.[0;5;1;37;43m8[0;5;1;31;43m@S[0;5;37;43mS[0;5;1;31;43m8[0;5;37;43mS[0;5;37;47m;[0m
[0;5;37;47m t[0;5;1;31;43mS[0;5;37;43mX[0;5;1;31;43mXX[0;5;37;43m8[0;5;37;47m8 @[0;5;1;31;43mS[0;5;37;43m@[0;5;1;31;43m@X[0;5;37;43m8[0;5;37;47m8: .. ..  8[0;5;1;37;43m8[0;5;37;47m.S[0;5;1;31;43m@XXSSXX[0;5;37;43m8[0;5;37;47m.[0;5;1;33;47m8[0;5;1;31;43m@S[0;5;37;43mS[0;5;1;31;43m8X[0;5;37;43m8X[0;5;1;31;43mX@8XX[0;5;37;47m 8[0;5;1;31;43mXSXX[0;5;37;43m@[0;5;37;47m8t[0m
[0;5;37;47m       Xt::       ..:;t:;[0;5;1;31;43mX8[0;5;37;47m8%[0;5;1;31;43mX[0;5;37;43m8[0;5;1;31;43m@SSS[0;5;37;47mt  [0;5;1;37;43m8[0;5;1;31;43m8X@[0;5;33;43m [0;5;37;47m% %  [0;1;33;47mS[0;5;1;31;43mXS[0;5;37;47m;  [0;5;37;43m%[0;5;1;31;43m8[0;5;37;43m8[0;5;37;47m8t [0m
[0;5;37;47m . .8[0;5;37;43m@[0;5;1;31;43m@SSSS[0;5;37;43m8[0;5;37;47m8t.  ..[0;5;1;37;43m8[0;5;1;31;43mXXX[0;5;37;47mt.%[0;5;1;37;43m8[0;5;1;31;43mSSX[0;5;33;43m [0;5;1;31;43m8[0;5;33;43m [0;5;37;47m8X:X[0;5;1;31;43mX@[0;5;33;43m [0;5;1;31;43m8X8[0;5;37;47mX[0;5;1;33;47m8[0;5;1;31;43m8[0;5;37;43m8[0;5;37;47m:[0;5;37;43m8[0;5;1;31;43mXS[0;5;37;47m:.%[0;5;37;43mX[0;5;1;31;43m@@S[0;5;1;37;43m@[0;5;37;47mt[0m
[0;5;37;47m  S[0;5;33;43m [0;5;1;31;43m8X[0;5;37;43m8[0;5;1;33;47m888[0;5;37;43m8[0;5;1;31;43m@XS[0;5;37;47mS::  [0;5;37;43mX[0;5;1;31;43m@[0;5;37;43m8[0;5;37;47mt[0;5;37;43m@[0;5;1;31;43mXSXSX[0;5;33;43m [0;5;1;33;41m8[0;1;37;47mS[0;5;37;47m8[0;5;1;31;43mSSSSSX8[0;5;33;43m [0;5;1;31;43m@[0;5;33;43m [0;5;37;47m88[0;5;1;33;47m@[0;5;37;47m8S[0;5;37;43mX[0;5;1;31;43m@S[0;5;37;47mt[0;5;37;43mX[0;5;1;31;43m@[0;5;37;43m8[0;5;37;47m8[0;5;1;31;43m%X[0;5;37;43mX[0;5;37;47m:[0m
[0;5;37;47m .[0;5;33;43m [0;5;1;33;41m8[0;5;37;43m@[0;5;37;47m8[0;5;1;31;43m@888@[0;5;37;47mX[0;5;1;37;43m8[0;5;1;31;43m@%[0;5;37;47m. . [0;5;37;43m@[0;5;1;31;43m8[0;5;1;33;47m8[0;5;37;47m:[0;5;1;31;43mSS[0;5;37;43m%8[0;5;1;37;43m8[0;5;37;43m8[0;5;1;33;41m8[0;5;33;43m [0;5;1;31;43m8[0;5;33;43m [0;5;37;47m8[0;5;37;43mS8888[0;5;1;31;43m8[0;5;37;43m8[0;33;47m8[0;5;1;31;43m8XXXXXXSSX[0;5;37;47m8[0;5;1;37;43mX[0;5;1;31;43m@S[0;5;37;47m%[0;5;1;37;43m@[0;5;37;47m@ [0m
[0;5;37;47m X[0;5;1;31;43m@[0;5;33;43m [0;5;37;47m@[0;5;1;37;43m8[0;5;1;31;43m@SSSS[0;5;37;43m8[0;5;37;47m [0;5;37;43m8[0;5;1;31;43m@[0;5;37;47mX.:.[0;5;1;31;43mS@[0;5;37;43mX[0;5;1;37;43m8[0;5;37;43m88[0;5;37;47m8[0;5;1;37;43m8[0;5;37;43m8[0;1;33;47mS[0;5;1;31;43m@@X@S[0;5;37;47m8S:[0;5;1;33;47m8[0;5;1;37;43m8[0;5;37;43m8[0;5;1;31;43m8[0;5;37;43m@[0;5;1;31;43mXSS[0;5;33;43m [0;5;1;31;43mX[0;5;37;43mX[0;5;1;31;43mXSSSX[0;5;37;43m8[0;5;1;31;43mSSS[0;5;37;47m; .[0m
[0;5;37;47m t[0;5;33;43m [0;5;1;33;41m8[0;5;37;47m [0;1;37;47mt[0;5;1;31;43mXSSSX[0;5;37;43m8[0;5;37;47m [0;5;1;31;43mXX[0;5;1;37;43m@[0;5;37;47m:%[0;5;1;37;43m@[0;5;1;31;43mXX@[0;5;37;43m8[0;5;37;47m. [0;5;1;37;43m8[0;5;1;33;41m8[0;5;1;31;43m@X[0;5;37;43mSS[0;5;1;31;43mX[0;5;37;43m8[0;5;1;31;43mS[0;5;1;37;43m8[0;5;37;47m%8[0;5;1;31;43m88[0;5;37;43m888[0;5;37;47m8[0;5;37;43mS8[0;1;37;47m.[0;5;37;47m@;[0;5;37;43m8[0;5;1;31;43mX[0;5;33;43m [0;5;1;31;43m8S[0;5;37;43mS@@[0;5;37;47m8t: [0m
[0;5;37;47m S[0;5;33;43m [0;5;1;31;43m8[0;5;1;33;47m8[0;5;37;47m8[0;5;1;31;43mXX[0;5;33;43m [0;5;1;31;43m8@[0;5;1;37;43m8[0;5;37;47m8[0;5;1;31;43mXX[0;5;37;47m8:[0;5;37;43mS[0;5;1;31;43m8@[0;5;33;43m [0;5;37;47m88X. X[0;5;37;43m@[0;5;1;31;43m@[0;5;37;47m8    8.[0;5;1;33;47mS[0;5;1;31;43mX@@@@X[0;5;37;47mX[0;5;37;43m8[0;5;1;31;43mXS[0;5;1;37;43m8[0;5;37;47m8[0;5;1;31;43m88[0;5;33;43m [0;5;1;31;43m8[0;5;37;47mt 8[0;5;1;37;43m8[0;5;37;47m8 .[0m
[0;5;37;47m  8[0;5;1;31;43m@@%[0;5;37;43mX8[0;1;37;47m.[0;5;1;37;43m8[0;5;37;43m8[0;5;1;31;43m8XS[0;5;37;43m8[0;5;37;47m;:[0;5;1;37;43mX[0;5;1;31;43m8[0;5;37;43m8[0;5;37;47m8[0;5;1;31;43m@X[0;5;37;47m8X[0;5;1;31;43mSS[0;5;1;37;43m8[0;5;37;47m8S%:%[0;5;1;31;43mSS[0;5;37;47mt.tS[0;5;1;37;43m8[0;5;37;47m8S[0;5;1;37;43m8[0;5;1;31;43m@XSX@[0;5;37;43mS[0;5;1;33;47m8[0;5;37;43m8[0;5;1;31;43m8[0;5;33;43m [0;5;37;47m8[0;5;1;37;43m8[0;5;1;31;43m8XS[0;5;1;37;43m8[0;5;37;47m.[0m
[0;5;37;47m :;;[0;5;37;43m8[0;5;1;31;43mS@XX@XS[0;5;37;43m8[0;5;37;47m8: :@t[0;5;37;43m8[0;5;1;31;43m8[0;5;1;33;47m8[0;5;37;47m8[0;5;1;31;43mtSX@@SX%[0;5;37;47m;:[0;5;1;31;43m%S[0;5;37;47mt .[0;5;1;33;47m8[0;5;1;31;43m@S[0;5;37;47m;[0;5;1;33;47m@[0;5;1;31;43mXS[0;5;37;47mS[0;5;1;33;47m8[0;5;37;47m@[0;5;37;43m8[0;5;1;31;43m8[0;5;37;43m8[0;5;37;47m8[0;5;37;43m8[0;5;1;31;43m8[0;5;37;43m8[0;5;37;47m8[0;5;1;33;47m@[0;5;37;47m8t.[0m
[0;5;37;47m  ..  :%%%t::  . .:%Xt.;S%S[0;5;1;33;47m8[0;5;37;47m@[0;5;1;33;47m8[0;5;37;47mS  t;  .:tt:;t..:: @@t.8X.:. .[0m
